Liquid Permeability Test

Sample Info

Sample ID=2
Lot Number=2

Test Details

19/02/2016 13:02
Pressure Units=PSI

Data

-.500,.000
-.500,.000
-.500,.000
-.484,.000
-.484,.000
-.484,.000
-.468,.000
-.453,.000
-.453,.000
-.437,.000
-.421,.000
-.421,.000
-.421,.000
-.421,.000
-.421,.000
-.421,.000
-.421,.000
-.421,.000
-.421,.000
-.421,.000
-.421,.000
-.421,.000
-.421,.000
-.421,.000
-.421,.000
-.421,.000
-.421,.000
-.421,.000
-.421,.000
-.406,.000
-.406,.000
-.406,.000
-.406,.000
-.406,.000
-.406,.000
-.406,.000
-.406,.000
-.406,.000
-.406,.000
-.406,.000
-.406,.000
-.406,.000
-.406,.000
-.406,.000
-.406,.000
-.406,.000
-.343,.000
-.343,.000
-.343,.000
-.343,.000
-.343,.000
-.343,.000
-.343,.000
-.328,.000
-.328,.000
-.328,.000
-.328,.000
-.328,.000
-.328,.000
-.328,.000
-.328,.000
-.328,.000
-.328,.000
-.328,.000
-.312,.000
-.312,.000
-.312,.000
-.312,.000
-.312,.000
-.312,.000
-.312,.000
-.312,.000
-.312,.000
-.312,.000
-.296,.000
-.296,.000
-.296,.000
-.296,.000
-.296,.000
-.296,.000
-.296,.000
-.296,.000
-.296,.000
-.281,.000
-.281,.000
-.281,.000
-.281,.000
-.281,.000
-.281,.000
-.281,.000
-.281,.000
-.265,.000
-.265,.000
-.265,.000
-.265,.000
-.265,.000
-.265,.000
-.265,.000
-.250,.000
-.250,.000
-.250,.000
-.250,.000
-.250,.000
-.250,.000
-.250,.000
-.234,.000
-.234,.000
-.234,.000
-.234,.000
-.234,.000
-.234,.000
-.234,.000
-.218,.000
-.218,.000
-.218,.000
-.218,.000
-.218,.000
-.218,.000
-.218,.000
-.203,.000
-.203,.000
-.203,.000
-.203,.000
-.203,.000
-.203,.000
-.203,.000
-.187,.000
-.187,.000
-.187,.000
-.187,.000
-.187,.000
-.187,.000
-.171,.000
-.171,.000
-.171,.000
-.171,.000
-.171,.000
-.171,.000
-.171,.000
-.156,.000
-.156,.000
-.156,.000
-.156,.000
-.156,.000
-.156,.000
-.156,.000
-.140,.000
-.140,.000
-.140,.000
-.140,.000
-.140,.000
-.140,.000
-.125,.000
-.125,.000
-.125,.000
-.125,.000
-.125,.000
-.125,.000
-.125,.000
-.109,.000
-.109,.000
-.109,.000
-.109,.000
-.109,.000
-.109,.000
-.109,.000
-.078,.000
-.078,.000
-.046,.000
-.046,.000
-.046,.000
-.046,.000
-.046,.000
-.046,.000
-.031,.000
-.031,.000
-.031,.000
-.031,.000
-.031,.000
-.015,.000
-.015,.000
-.015,.000
-.015,.000
-.015,.000
-.015,.000
.016,.000
.016,.000
.016,.000
.016,.000
.032,.000
.032,.000
.032,.000
.032,.000
.032,.000
.032,.000
.063,.000
.063,.000
.063,.000
.063,.000
.079,.000
.079,.000
.079,.000
.079,.000
.079,.000
.079,.000
.094,.000
.094,.000
.094,.000
.125,.000
.125,.000
.125,.000
.125,.000
.125,.000
.157,.000
.157,.000
.157,.000
.157,.000
.172,.000
.172,.000
.172,.000
.172,.000
.172,.000
.172,.000
.188,.000
.188,.000
.188,.000
.188,.000
.219,.000
.219,.000
.219,.000
.219,.000
.235,.000
.235,.000
.235,.000
.235,.000
.235,.000
.235,.000
.250,.000
.250,.000
.250,.000
.250,.000
.250,.000
.250,.000
.266,.000
.266,.000
.266,.000
.266,.000
.266,.000
.266,.000
.282,.000
.282,.000
.282,.000
.297,.000
.313,.000
.313,.000
.329,.000
.344,.000
.344,.000
.344,.000
.344,.000
.344,.000
.360,.000
.360,.000
.360,.000
.360,.000
.360,.000
.375,.000
.375,.000
.375,.000
.375,.000
.375,.000
.375,.000
.375,.000
.391,.000
.391,.000
.391,.000
.391,.000
.391,.000
.407,.000
.407,.000
.407,.000
.407,.000
.422,.000
.422,.000
.422,.000
.422,.000
.422,.000
.422,.000
.454,.000
.454,.000
.485,.000
.485,.000
.500,.000
.516,.000
.516,.000
.516,.000
.532,.000
.532,.000
.532,.000
.547,.000
.547,.000
.547,.000
.547,.000
.563,.000
.563,.000
.563,.000
.563,.000
.563,.000
.579,.000
.579,.000
.579,.000
.579,.000
.579,.000
.579,.000
.594,.000
.594,.000
.594,.000
.594,.000
.625,.000
.625,.000
.625,.000
.625,.000
.625,.000
.641,.000
.641,.000
.641,.000
.641,.000
.641,.000
.657,.000
.657,.000
.657,.000
.657,.000
.672,.000
.672,.000
.672,.000
.672,.000
.672,.000
.672,.000
.688,.000
.688,.000
.688,.000
.688,.000
.688,.000
.704,.000
.704,.000
.704,.000
.704,.000
.719,.000
.719,.000
.719,.000
.719,.000
.719,.000
.735,.000
.735,.000
.750,.000
.750,.000
.766,.000
.766,.000
.766,.000
.766,.000
.766,.000
.782,.000
.782,.000
.782,.000
.782,.000
.782,.000
.797,.000
.797,.000
.797,.000
.797,.000
.829,.000
.829,.000
.844,.000
.844,.000
.860,.000
.860,.000
.860,.000
.860,.000
.860,.000
.875,.000
.875,.000
.875,.000
.875,.000
.875,.000
.891,.000
.891,.000
.891,.000
.891,.000
.922,.000
.922,.000
.922,.000
.922,.000
.938,.000
.938,.000
.938,.000
.954,.000
.969,.000
.969,.000
.985,.000
.985,.000
1.000,.000
1.000,.000
1.000,.000
1.016,.000
1.016,.000
1.016,.000
1.032,.000
1.032,.000
1.032,.000
1.032,.000
1.032,.000
1.047,.000
1.047,.000
1.047,.000
1.063,.000
1.063,.000
1.063,.000
1.063,.000
1.063,.000
1.079,.000
1.094,.000
1.094,.000
